if you succeed in cheating someone, don’t think that the person is a fool. realize that the person trusted you much more than you deserved.

Encoded EX: 0010 101010 111 101011 1100 10111 111 0011 10111 10100 10100 100 100
10110 111 0010 0110 111 10100 0101 100 11010 000 0010 0110 0100100 111
0011 1100 01000 100 1100 0110 100 0100111 111 10110 1100 0110 0100110
000 111 000 0101 0010 0110 0111001 111 000 0101 11010 000 111 000 0101
100 111 011111 100 11011 0011 1100 0110 111 0010 0011 111 11010 111
101010 1100 1100 011110 011101 111 11011 100 11010 011110 0010 0111000
100 111 000 0101 11010 000 111 000 0101 100 111 011111 100 11011 0011
1100 0110 111 000 11011 10111 0011 000 100 10110 111 101011 1100 10111
111 01000 10111 10100 0101 111 01000 1100 11011 100 111 000 0101 11010
0110 111 101011 1100 10111 111 10110 100 0011 100 11011 0100101 100
10110 011101

My Encoded: 11001 010110 111 101011 1011 11011 111 0100 11011 00111 00111 011 011 11000 111 11001 1001 111 00111 1000 011 0010 000 11001 1001 1010011 111 0100 1011 00110 011 1011 1001 011 0101010 111 11000 1011 1001 0101011 000 111 000 1000 11001 1001 0101000 111 000 1000 0010 000 111 000 1000 011 111 010111 011 11010 0100 1011 1001 111 11001 0100 111 0010 111 010110 1011 1011 101000 101010 111 11010 011 0010 101000 11001 0101001 011 111 000 1000 0010 000 111 000 1000 011 111 010111 011 11010 0100 1011 1001 111 000 11010 11011 0100 000 011 11000 111 101011 1011 11011 111 00110 11011 00111 1000 111 00110 1011 11010 011 111 000 1000 0010 1001 111 101011 1011 11011 111 11000 011 0100 011 11010 1010010 011 11000 101010